
м.о. длительности пребывания (общее) от входящего потока
lambda2/lambda1:
  0.8677	  1.2181	  1.6841	  2.1431	  2.4975	  2.7392	
  0.9190	  1.3436	  1.8487	  2.2705	  2.5553	  2.7365	
  0.9890	  1.4823	  1.9867	  2.3436	  2.5618	  2.6944	
  1.0840	  1.6325	  2.0969	  2.3796	  2.5413	  2.6375	
  1.2092	  1.7848	  2.1801	  2.3938	  2.5107	  2.5803	
  1.3661	  1.9276	  2.2406	  2.3959	  2.4797	  2.5300	

м.о. длительности пребывания (для 1-класса) от входящего потока
lambda2/lambda1:
  0.6428	  0.7217	  0.7872	  0.8283	  0.8482	  0.8565	
  0.6604	  0.7402	  0.7980	  0.8279	  0.8400	  0.8447	
  0.6860	  0.7654	  0.8135	  0.8337	  0.8410	  0.8436	
  0.7198	  0.7958	  0.8328	  0.8457	  0.8499	  0.8514	
  0.7618	  0.8300	  0.8561	  0.8639	  0.8663	  0.8671	
  0.8111	  0.8672	  0.8840	  0.8884	  0.8897	  0.8901	

м.о. длительности пребывания (для 2-класса) от входящего потока
lambda2/lambda1:
  1.0929	  1.5329	  2.1201	  2.7006	  3.1561	  3.4732	
  1.3337	  1.9656	  2.7095	  3.3390	  3.7778	  4.0658	
  1.6594	  2.5272	  3.4040	  4.0445	  4.4546	  4.7134	
  2.1165	  3.2549	  4.2214	  4.8422	  5.2180	  5.4504	
  2.7705	  4.1866	  5.1900	  5.7745	  6.1135	  6.3234	
  3.7066	  5.3657	  6.3560	  6.8921	  7.1979	  7.3885	

вероятность отказа (общая) от входящего потока
lambda2/lambda1:
  0.0011	  0.0144	  0.0652	  0.1578	  0.2635	  0.3588	
  0.0030	  0.0307	  0.1129	  0.2291	  0.3402	  0.4311	
  0.0072	  0.0587	  0.1742	  0.3043	  0.4131	  0.4969	
  0.0163	  0.1026	  0.2472	  0.3807	  0.4824	  0.5578	
  0.0347	  0.1650	  0.3281	  0.4566	  0.5483	  0.6147	
  0.0688	  0.2451	  0.4129	  0.5302	  0.6106	  0.6682	

вероятность отказа (для 1-класса) от входящего потока
lambda2/lambda1:
  0.0000	  0.0000	  0.0001	  0.0001	  0.0001	  0.0001	
  0.0002	  0.0003	  0.0004	  0.0005	  0.0005	  0.0005	
  0.0008	  0.0012	  0.0014	  0.0015	  0.0016	  0.0016	
  0.0021	  0.0030	  0.0034	  0.0036	  0.0036	  0.0036	
  0.0048	  0.0062	  0.0068	  0.0070	  0.0070	  0.0071	
  0.0094	  0.0115	  0.0121	  0.0123	  0.0123	  0.0123	

вероятность отказа  (для 2-класса) от входящего потока
lambda2/lambda1:
  0.0011	  0.0144	  0.0652	  0.1577	  0.2635	  0.3588	
  0.0028	  0.0304	  0.1126	  0.2289	  0.3400	  0.4310	
  0.0064	  0.0577	  0.1733	  0.3036	  0.4127	  0.4966	
  0.0143	  0.1002	  0.2453	  0.3793	  0.4815	  0.5571	
  0.0302	  0.1605	  0.3248	  0.4543	  0.5468	  0.6137	
  0.0604	  0.2378	  0.4079	  0.5269	  0.6084	  0.6666	

м.о. числа треб. в очереди 1-класса от входящего потока
lambda2/lambda1:
  0.0714	  0.1108	  0.1436	  0.1642	  0.1741	  0.1782	
  0.1283	  0.1921	  0.2383	  0.2622	  0.2719	  0.2756	
  0.2044	  0.2916	  0.3443	  0.3666	  0.3745	  0.3774	
  0.3070	  0.4128	  0.4643	  0.4822	  0.4881	  0.4901	
  0.4429	  0.5575	  0.6012	  0.6143	  0.6183	  0.6196	
  0.6163	  0.7260	  0.7586	  0.7673	  0.7698	  0.7707	

м.о. числа треб. в очереди 2-класса от входящего потока
lambda2/lambda1:
  0.2406	  0.7268	  1.5517	  2.4639	  3.1864	  3.6704	
  0.3603	  1.0506	  2.0484	  2.9450	  3.5530	  3.9313	
  0.5208	  1.4444	  2.5396	  3.3473	  3.8374	  4.1300	
  0.7420	  1.9031	  2.9972	  3.6764	  4.0605	  4.2862	
  1.0470	  2.4013	  3.4008	  3.9445	  4.2394	  4.4135	
  1.4542	  2.8990	  3.7418	  4.1603	  4.3847	  4.5188	

м.о. числа треб. в очереди 1-класса от расмерности очередей
cap2/cap1:
  0.2941	  0.3070	  0.3136	  0.3175	  0.3201	  0.3218	
  0.2958	  0.3088	  0.3154	  0.3194	  0.3220	  0.3238	
  0.2959	  0.3089	  0.3155	  0.3194	  0.3220	  0.3238	
  0.2959	  0.3089	  0.3155	  0.3194	  0.3220	  0.3238	
  0.2959	  0.3089	  0.3155	  0.3194	  0.3220	  0.3238	
  0.2959	  0.3089	  0.3155	  0.3194	  0.3220	  0.3238	

м.о. числа треб. в очереди 2-класса от расмерности очередей
cap2/cap1:
  2.0294	  3.2558	  4.4031	  5.4664	  6.4461	  7.3442	
  2.0306	  3.2587	  4.4083	  5.4746	  6.4579	  7.3603	
  2.0306	  3.2587	  4.4084	  5.4748	  6.4582	  7.3607	
  2.0306	  3.2587	  4.4084	  5.4749	  6.4582	  7.3609	
  2.0307	  3.2588	  4.4085	  5.4748	  6.4582	  7.3608	
  2.0306	  3.2587	  4.4084	  5.4749	  6.4582	  7.3609	
