=== Average queue size 1 ===
        0.5        0.8        1.1        1.4        1.7        2.0
0.5	| 10.0000  | 18.0000  |  1.0000  |  1.0000  |  3.0000  | 12.0000  
--------------------------------------------------------------------
0.8	| 11.0000  | 19.0000  |  7.0000  |  8.0000  |  5.0000  |  1.0000  
--------------------------------------------------------------------
1.1	| 12.0000  | 16.0000  |  1.0000  | 11.0000  |  2.0000  |  3.0000  
--------------------------------------------------------------------
1.4	| 19.0000  |  9.0000  |  5.0000  |  1.0000  | 14.0000  | 19.0000  
--------------------------------------------------------------------
1.7	|  5.0000  | 10.0000  |  6.0000  | 14.0000  |  7.0000  |  6.0000  
--------------------------------------------------------------------
2.0	|  4.0000  | 14.0000  |  4.0000  |  8.0000  | 15.0000  |  3.0000  
--------------------------------------------------------------------

====================================================================

=== Average queue size 2 ===
        0.5        0.8        1.1        1.4        1.7        2.0
0.5	|  6.0000  | 11.0000  |  4.0000  | 19.0000  |  2.0000  | 10.0000  
--------------------------------------------------------------------
0.8	|  6.0000  | 14.0000  |  8.0000  | 17.0000  |  4.0000  |  0.0000  
--------------------------------------------------------------------
1.1	| 16.0000  | 14.0000  | 13.0000  |  0.0000  |  2.0000  | 15.0000  
--------------------------------------------------------------------
1.4	|  9.0000  |  8.0000  | 15.0000  |  1.0000  |  2.0000  | 16.0000  
--------------------------------------------------------------------
1.7	| 10.0000  | 11.0000  | 11.0000  |  2.0000  | 11.0000  |  3.0000  
--------------------------------------------------------------------
2.0	|  6.0000  | 12.0000  | 14.0000  | 18.0000  |  5.0000  |  3.0000  
--------------------------------------------------------------------

====================================================================

