=== Failure probability ===
        0.5        0.6        0.7        0.8        0.9        1.0        1.1        1.2        1.3        1.4        1.6        1.7        1.8        1.9        2.0        2.1        2.2        2.3        2.4        2.5
 0.5  |  0.0000  |  0.0000  |  0.0000  |  0.0001  |  0.0001  |  0.0003  |  0.0005  |  0.0007  |  0.0012  |  0.0018  |  0.0026  |  0.0038  |  0.0053  |  0.0072  |  0.0096  |  0.0126  |  0.0162  |  0.0205  |  0.0256  |  0.0314  
----------------------------------------------------------------------
 0.6  |  0.0000  |  0.0000  |  0.0001  |  0.0001  |  0.0002  |  0.0004  |  0.0007  |  0.0011  |  0.0017  |  0.0025  |  0.0036  |  0.0051  |  0.0071  |  0.0095  |  0.0125  |  0.0162  |  0.0206  |  0.0258  |  0.0318  |  0.0386  
----------------------------------------------------------------------
 0.7  |  0.0000  |  0.0000  |  0.0001  |  0.0002  |  0.0003  |  0.0006  |  0.0010  |  0.0016  |  0.0024  |  0.0035  |  0.0050  |  0.0069  |  0.0094  |  0.0124  |  0.0162  |  0.0207  |  0.0260  |  0.0321  |  0.0391  |  0.0471  
----------------------------------------------------------------------
 0.8  |  0.0000  |  0.0001  |  0.0002  |  0.0003  |  0.0005  |  0.0009  |  0.0014  |  0.0022  |  0.0033  |  0.0048  |  0.0067  |  0.0092  |  0.0123  |  0.0161  |  0.0207  |  0.0261  |  0.0324  |  0.0396  |  0.0478  |  0.0569  
----------------------------------------------------------------------
 0.9  |  0.0001  |  0.0001  |  0.0002  |  0.0004  |  0.0008  |  0.0013  |  0.0021  |  0.0031  |  0.0046  |  0.0065  |  0.0090  |  0.0121  |  0.0160  |  0.0207  |  0.0262  |  0.0327  |  0.0401  |  0.0485  |  0.0579  |  0.0681  
----------------------------------------------------------------------
 1.0  |  0.0001  |  0.0002  |  0.0004  |  0.0007  |  0.0012  |  0.0019  |  0.0029  |  0.0043  |  0.0063  |  0.0088  |  0.0119  |  0.0159  |  0.0207  |  0.0263  |  0.0330  |  0.0406  |  0.0493  |  0.0589  |  0.0695  |  0.0810  
----------------------------------------------------------------------
 1.1  |  0.0002  |  0.0003  |  0.0006  |  0.0010  |  0.0017  |  0.0027  |  0.0041  |  0.0060  |  0.0085  |  0.0117  |  0.0157  |  0.0206  |  0.0264  |  0.0332  |  0.0411  |  0.0500  |  0.0600  |  0.0709  |  0.0828  |  0.0955  
----------------------------------------------------------------------
 1.2  |  0.0003  |  0.0005  |  0.0009  |  0.0015  |  0.0025  |  0.0038  |  0.0057  |  0.0082  |  0.0114  |  0.0155  |  0.0205  |  0.0264  |  0.0334  |  0.0416  |  0.0508  |  0.0610  |  0.0724  |  0.0846  |  0.0978  |  0.1118  
----------------------------------------------------------------------
 1.3  |  0.0005  |  0.0009  |  0.0014  |  0.0023  |  0.0036  |  0.0054  |  0.0079  |  0.0111  |  0.0152  |  0.0203  |  0.0264  |  0.0336  |  0.0420  |  0.0515  |  0.0621  |  0.0738  |  0.0865  |  0.1002  |  0.1146  |  0.1298  
----------------------------------------------------------------------
 1.4  |  0.0008  |  0.0013  |  0.0021  |  0.0033  |  0.0051  |  0.0075  |  0.0107  |  0.0149  |  0.0200  |  0.0263  |  0.0337  |  0.0423  |  0.0522  |  0.0632  |  0.0753  |  0.0885  |  0.1026  |  0.1176  |  0.1333  |  0.1495  
----------------------------------------------------------------------
 1.6  |  0.0013  |  0.0020  |  0.0031  |  0.0047  |  0.0071  |  0.0103  |  0.0144  |  0.0197  |  0.0261  |  0.0337  |  0.0426  |  0.0528  |  0.0642  |  0.0768  |  0.0905  |  0.1052  |  0.1207  |  0.1370  |  0.1537  |  0.1710  
----------------------------------------------------------------------
 1.7  |  0.0019  |  0.0029  |  0.0044  |  0.0067  |  0.0098  |  0.0139  |  0.0192  |  0.0258  |  0.0336  |  0.0428  |  0.0534  |  0.0652  |  0.0783  |  0.0925  |  0.1078  |  0.1239  |  0.1408  |  0.1582  |  0.1760  |  0.1941  
----------------------------------------------------------------------
 1.8  |  0.0028  |  0.0042  |  0.0062  |  0.0093  |  0.0134  |  0.0187  |  0.0253  |  0.0334  |  0.0429  |  0.0538  |  0.0661  |  0.0797  |  0.0946  |  0.1104  |  0.1272  |  0.1447  |  0.1627  |  0.1812  |  0.1999  |  0.2187  
----------------------------------------------------------------------
 1.9  |  0.0040  |  0.0059  |  0.0087  |  0.0127  |  0.0180  |  0.0247  |  0.0329  |  0.0427  |  0.0541  |  0.0669  |  0.0811  |  0.0965  |  0.1130  |  0.1305  |  0.1487  |  0.1675  |  0.1866  |  0.2060  |  0.2254  |  0.2448  
----------------------------------------------------------------------
 2.0  |  0.0057  |  0.0082  |  0.0120  |  0.0172  |  0.0239  |  0.0323  |  0.0424  |  0.0541  |  0.0674  |  0.0822  |  0.0983  |  0.1156  |  0.1338  |  0.1528  |  0.1723  |  0.1922  |  0.2123  |  0.2324  |  0.2524  |  0.2722  
----------------------------------------------------------------------
 2.1  |  0.0079  |  0.0113  |  0.0163  |  0.0229  |  0.0314  |  0.0417  |  0.0538  |  0.0677  |  0.0831  |  0.1000  |  0.1180  |  0.1371  |  0.1569  |  0.1772  |  0.1979  |  0.2188  |  0.2396  |  0.2603  |  0.2807  |  0.3007  
----------------------------------------------------------------------
 2.2  |  0.0108  |  0.0153  |  0.0218  |  0.0302  |  0.0407  |  0.0531  |  0.0675  |  0.0836  |  0.1013  |  0.1202  |  0.1402  |  0.1609  |  0.1821  |  0.2037  |  0.2254  |  0.2470  |  0.2684  |  0.2894  |  0.3100  |  0.3301  
----------------------------------------------------------------------
 2.3  |  0.0145  |  0.0205  |  0.0287  |  0.0392  |  0.0520  |  0.0669  |  0.0837  |  0.1022  |  0.1220  |  0.1430  |  0.1647  |  0.1870  |  0.2095  |  0.2321  |  0.2545  |  0.2766  |  0.2984  |  0.3196  |  0.3402  |  0.3601  
----------------------------------------------------------------------
 2.4  |  0.0192  |  0.0270  |  0.0373  |  0.0503  |  0.0656  |  0.0831  |  0.1025  |  0.1233  |  0.1453  |  0.1682  |  0.1915  |  0.2151  |  0.2386  |  0.2620  |  0.2850  |  0.3075  |  0.3293  |  0.3505  |  0.3709  |  0.3906  
----------------------------------------------------------------------
 2.5  |  0.0252  |  0.0351  |  0.0479  |  0.0636  |  0.0817  |  0.1020  |  0.1239  |  0.1471  |  0.1712  |  0.1957  |  0.2205  |  0.2451  |  0.2695  |  0.2934  |  0.3167  |  0.3393  |  0.3611  |  0.3821  |  0.4022  |  0.4215  
----------------------------------------------------------------------

======================================================================

=== Failure probability 1 ===
        0.5        0.6        0.7        0.8        0.9        1.0        1.1        1.2        1.3        1.4        1.6        1.7        1.8        1.9        2.0        2.1        2.2        2.3        2.4        2.5
 0.5  |  0.0000  |  0.0000  |  0.0000  |  0.0000  |  0.0000  |  0.0000  |  0.0000  |  0.0000  |  0.0000  |  0.0000  |  0.0000  |  0.0000  |  0.0000  |  0.0000  |  0.0000  |  0.0000  |  0.0000  |  0.0000  |  0.0000  |  0.0000  
----------------------------------------------------------------------
 0.6  |  0.0000  |  0.0000  |  0.0000  |  0.0000  |  0.0000  |  0.0000  |  0.0000  |  0.0000  |  0.0000  |  0.0000  |  0.0000  |  0.0000  |  0.0000  |  0.0000  |  0.0000  |  0.0000  |  0.0000  |  0.0000  |  0.0000  |  0.0000  
----------------------------------------------------------------------
 0.7  |  0.0000  |  0.0000  |  0.0000  |  0.0000  |  0.0000  |  0.0000  |  0.0000  |  0.0000  |  0.0000  |  0.0000  |  0.0000  |  0.0000  |  0.0000  |  0.0000  |  0.0000  |  0.0000  |  0.0000  |  0.0000  |  0.0000  |  0.0000  
----------------------------------------------------------------------
 0.8  |  0.0000  |  0.0000  |  0.0000  |  0.0000  |  0.0000  |  0.0000  |  0.0000  |  0.0000  |  0.0000  |  0.0000  |  0.0000  |  0.0000  |  0.0000  |  0.0000  |  0.0000  |  0.0001  |  0.0001  |  0.0001  |  0.0001  |  0.0001  
----------------------------------------------------------------------
 0.9  |  0.0000  |  0.0000  |  0.0000  |  0.0000  |  0.0000  |  0.0001  |  0.0001  |  0.0001  |  0.0001  |  0.0001  |  0.0001  |  0.0001  |  0.0001  |  0.0001  |  0.0001  |  0.0001  |  0.0001  |  0.0001  |  0.0001  |  0.0001  
----------------------------------------------------------------------
 1.0  |  0.0001  |  0.0001  |  0.0001  |  0.0001  |  0.0001  |  0.0001  |  0.0001  |  0.0001  |  0.0001  |  0.0001  |  0.0001  |  0.0001  |  0.0002  |  0.0002  |  0.0002  |  0.0002  |  0.0002  |  0.0002  |  0.0002  |  0.0002  
----------------------------------------------------------------------
 1.1  |  0.0001  |  0.0001  |  0.0001  |  0.0001  |  0.0002  |  0.0002  |  0.0002  |  0.0002  |  0.0002  |  0.0002  |  0.0002  |  0.0003  |  0.0003  |  0.0003  |  0.0003  |  0.0003  |  0.0003  |  0.0003  |  0.0003  |  0.0004  
----------------------------------------------------------------------
 1.2  |  0.0002  |  0.0002  |  0.0002  |  0.0003  |  0.0003  |  0.0003  |  0.0003  |  0.0003  |  0.0004  |  0.0004  |  0.0004  |  0.0004  |  0.0004  |  0.0005  |  0.0005  |  0.0005  |  0.0005  |  0.0005  |  0.0006  |  0.0006  
----------------------------------------------------------------------
 1.3  |  0.0003  |  0.0003  |  0.0004  |  0.0004  |  0.0004  |  0.0005  |  0.0005  |  0.0005  |  0.0006  |  0.0006  |  0.0006  |  0.0007  |  0.0007  |  0.0007  |  0.0008  |  0.0008  |  0.0008  |  0.0009  |  0.0009  |  0.0009  
----------------------------------------------------------------------
 1.4  |  0.0005  |  0.0006  |  0.0006  |  0.0006  |  0.0007  |  0.0007  |  0.0008  |  0.0008  |  0.0009  |  0.0009  |  0.0010  |  0.0010  |  0.0011  |  0.0011  |  0.0012  |  0.0012  |  0.0013  |  0.0013  |  0.0013  |  0.0013  
----------------------------------------------------------------------
 1.6  |  0.0008  |  0.0009  |  0.0009  |  0.0010  |  0.0011  |  0.0011  |  0.0012  |  0.0013  |  0.0013  |  0.0014  |  0.0015  |  0.0016  |  0.0016  |  0.0017  |  0.0017  |  0.0018  |  0.0018  |  0.0019  |  0.0019  |  0.0020  
----------------------------------------------------------------------
 1.7  |  0.0012  |  0.0013  |  0.0014  |  0.0015  |  0.0016  |  0.0017  |  0.0018  |  0.0019  |  0.0020  |  0.0021  |  0.0022  |  0.0022  |  0.0023  |  0.0024  |  0.0025  |  0.0025  |  0.0026  |  0.0027  |  0.0027  |  0.0028  
----------------------------------------------------------------------
 1.8  |  0.0017  |  0.0019  |  0.0020  |  0.0021  |  0.0023  |  0.0024  |  0.0025  |  0.0027  |  0.0028  |  0.0029  |  0.0030  |  0.0032  |  0.0033  |  0.0034  |  0.0035  |  0.0035  |  0.0036  |  0.0037  |  0.0038  |  0.0038  
----------------------------------------------------------------------
 1.9  |  0.0025  |  0.0027  |  0.0028  |  0.0030  |  0.0032  |  0.0034  |  0.0036  |  0.0037  |  0.0039  |  0.0041  |  0.0042  |  0.0043  |  0.0045  |  0.0046  |  0.0047  |  0.0048  |  0.0049  |  0.0050  |  0.0051  |  0.0052  
----------------------------------------------------------------------
 2.0  |  0.0035  |  0.0037  |  0.0039  |  0.0042  |  0.0044  |  0.0046  |  0.0049  |  0.0051  |  0.0053  |  0.0055  |  0.0057  |  0.0059  |  0.0060  |  0.0062  |  0.0063  |  0.0064  |  0.0065  |  0.0066  |  0.0067  |  0.0068  
----------------------------------------------------------------------
 2.1  |  0.0047  |  0.0050  |  0.0054  |  0.0057  |  0.0060  |  0.0063  |  0.0065  |  0.0068  |  0.0071  |  0.0073  |  0.0075  |  0.0077  |  0.0079  |  0.0081  |  0.0083  |  0.0084  |  0.0085  |  0.0087  |  0.0088  |  0.0089  
----------------------------------------------------------------------
 2.2  |  0.0064  |  0.0068  |  0.0072  |  0.0075  |  0.0079  |  0.0083  |  0.0086  |  0.0090  |  0.0093  |  0.0095  |  0.0098  |  0.0101  |  0.0103  |  0.0105  |  0.0107  |  0.0108  |  0.0110  |  0.0111  |  0.0112  |  0.0113  
----------------------------------------------------------------------
 2.3  |  0.0084  |  0.0089  |  0.0094  |  0.0099  |  0.0103  |  0.0108  |  0.0112  |  0.0116  |  0.0119  |  0.0123  |  0.0126  |  0.0128  |  0.0131  |  0.0133  |  0.0135  |  0.0137  |  0.0139  |  0.0140  |  0.0141  |  0.0142  
----------------------------------------------------------------------
 2.4  |  0.0109  |  0.0116  |  0.0121  |  0.0127  |  0.0133  |  0.0138  |  0.0143  |  0.0147  |  0.0151  |  0.0155  |  0.0158  |  0.0161  |  0.0164  |  0.0167  |  0.0169  |  0.0171  |  0.0172  |  0.0174  |  0.0175  |  0.0176  
----------------------------------------------------------------------
 2.5  |  0.0140  |  0.0147  |  0.0154  |  0.0161  |  0.0168  |  0.0174  |  0.0179  |  0.0184  |  0.0189  |  0.0193  |  0.0197  |  0.0200  |  0.0203  |  0.0206  |  0.0208  |  0.0210  |  0.0212  |  0.0213  |  0.0215  |  0.0216  
----------------------------------------------------------------------

======================================================================

=== Failure probability 2 ===
        0.5        0.6        0.7        0.8        0.9        1.0        1.1        1.2        1.3        1.4        1.6        1.7        1.8        1.9        2.0        2.1        2.2        2.3        2.4        2.5
 0.5  |  0.0000  |  0.0000  |  0.0000  |  0.0001  |  0.0001  |  0.0003  |  0.0005  |  0.0007  |  0.0012  |  0.0018  |  0.0026  |  0.0038  |  0.0053  |  0.0072  |  0.0096  |  0.0126  |  0.0162  |  0.0205  |  0.0256  |  0.0314  
----------------------------------------------------------------------
 0.6  |  0.0000  |  0.0000  |  0.0001  |  0.0001  |  0.0002  |  0.0004  |  0.0007  |  0.0011  |  0.0017  |  0.0025  |  0.0036  |  0.0051  |  0.0071  |  0.0095  |  0.0125  |  0.0162  |  0.0206  |  0.0258  |  0.0318  |  0.0386  
----------------------------------------------------------------------
 0.7  |  0.0000  |  0.0000  |  0.0001  |  0.0002  |  0.0003  |  0.0006  |  0.0010  |  0.0015  |  0.0024  |  0.0035  |  0.0050  |  0.0069  |  0.0093  |  0.0124  |  0.0161  |  0.0206  |  0.0259  |  0.0321  |  0.0391  |  0.0470  
----------------------------------------------------------------------
 0.8  |  0.0000  |  0.0001  |  0.0001  |  0.0003  |  0.0005  |  0.0009  |  0.0014  |  0.0022  |  0.0033  |  0.0048  |  0.0067  |  0.0092  |  0.0123  |  0.0161  |  0.0207  |  0.0261  |  0.0324  |  0.0396  |  0.0478  |  0.0568  
----------------------------------------------------------------------
 0.9  |  0.0000  |  0.0001  |  0.0002  |  0.0004  |  0.0007  |  0.0012  |  0.0020  |  0.0031  |  0.0045  |  0.0064  |  0.0089  |  0.0121  |  0.0159  |  0.0206  |  0.0262  |  0.0326  |  0.0401  |  0.0485  |  0.0578  |  0.0681  
----------------------------------------------------------------------
 1.0  |  0.0001  |  0.0001  |  0.0003  |  0.0006  |  0.0011  |  0.0018  |  0.0028  |  0.0042  |  0.0062  |  0.0087  |  0.0118  |  0.0158  |  0.0205  |  0.0262  |  0.0329  |  0.0405  |  0.0492  |  0.0588  |  0.0694  |  0.0809  
----------------------------------------------------------------------
 1.1  |  0.0001  |  0.0002  |  0.0005  |  0.0009  |  0.0016  |  0.0025  |  0.0039  |  0.0058  |  0.0083  |  0.0115  |  0.0155  |  0.0204  |  0.0262  |  0.0330  |  0.0409  |  0.0498  |  0.0598  |  0.0707  |  0.0826  |  0.0954  
----------------------------------------------------------------------
 1.2  |  0.0001  |  0.0003  |  0.0007  |  0.0013  |  0.0022  |  0.0036  |  0.0054  |  0.0079  |  0.0111  |  0.0152  |  0.0201  |  0.0261  |  0.0331  |  0.0412  |  0.0504  |  0.0607  |  0.0721  |  0.0844  |  0.0975  |  0.1115  
----------------------------------------------------------------------
 1.3  |  0.0002  |  0.0005  |  0.0010  |  0.0019  |  0.0031  |  0.0049  |  0.0074  |  0.0106  |  0.0147  |  0.0198  |  0.0259  |  0.0331  |  0.0415  |  0.0510  |  0.0617  |  0.0734  |  0.0861  |  0.0998  |  0.1142  |  0.1294  
----------------------------------------------------------------------
 1.4  |  0.0003  |  0.0008  |  0.0015  |  0.0027  |  0.0044  |  0.0068  |  0.0100  |  0.0141  |  0.0193  |  0.0255  |  0.0330  |  0.0416  |  0.0515  |  0.0625  |  0.0747  |  0.0879  |  0.1020  |  0.1170  |  0.1327  |  0.1490  
----------------------------------------------------------------------
 1.6  |  0.0005  |  0.0011  |  0.0022  |  0.0038  |  0.0061  |  0.0093  |  0.0134  |  0.0186  |  0.0250  |  0.0327  |  0.0416  |  0.0518  |  0.0632  |  0.0759  |  0.0896  |  0.1043  |  0.1199  |  0.1361  |  0.1530  |  0.1702  
----------------------------------------------------------------------
 1.7  |  0.0008  |  0.0016  |  0.0031  |  0.0053  |  0.0084  |  0.0125  |  0.0177  |  0.0243  |  0.0321  |  0.0413  |  0.0519  |  0.0638  |  0.0769  |  0.0912  |  0.1065  |  0.1227  |  0.1396  |  0.1571  |  0.1749  |  0.1931  
----------------------------------------------------------------------
 1.8  |  0.0011  |  0.0024  |  0.0044  |  0.0073  |  0.0113  |  0.0166  |  0.0232  |  0.0313  |  0.0408  |  0.0518  |  0.0641  |  0.0778  |  0.0927  |  0.1086  |  0.1255  |  0.1431  |  0.1612  |  0.1798  |  0.1986  |  0.2175  
----------------------------------------------------------------------
 1.9  |  0.0016  |  0.0033  |  0.0061  |  0.0099  |  0.0152  |  0.0219  |  0.0301  |  0.0399  |  0.0513  |  0.0642  |  0.0784  |  0.0940  |  0.1106  |  0.1282  |  0.1465  |  0.1654  |  0.1847  |  0.2042  |  0.2238  |  0.2433  
----------------------------------------------------------------------
 2.0  |  0.0023  |  0.0047  |  0.0083  |  0.0134  |  0.0201  |  0.0285  |  0.0386  |  0.0504  |  0.0638  |  0.0787  |  0.0949  |  0.1124  |  0.1307  |  0.1499  |  0.1696  |  0.1897  |  0.2099  |  0.2302  |  0.2504  |  0.2703  
----------------------------------------------------------------------
 2.1  |  0.0033  |  0.0065  |  0.0113  |  0.0179  |  0.0263  |  0.0367  |  0.0489  |  0.0628  |  0.0784  |  0.0955  |  0.1137  |  0.1330  |  0.1530  |  0.1736  |  0.1946  |  0.2156  |  0.2367  |  0.2576  |  0.2782  |  0.2984  
----------------------------------------------------------------------
 2.2  |  0.0046  |  0.0090  |  0.0153  |  0.0236  |  0.0341  |  0.0467  |  0.0612  |  0.0775  |  0.0954  |  0.1146  |  0.1349  |  0.1559  |  0.1774  |  0.1994  |  0.2213  |  0.2432  |  0.2649  |  0.2862  |  0.3071  |  0.3274  
----------------------------------------------------------------------
 2.3  |  0.0064  |  0.0122  |  0.0203  |  0.0308  |  0.0437  |  0.0588  |  0.0758  |  0.0946  |  0.1148  |  0.1361  |  0.1583  |  0.1809  |  0.2039  |  0.2269  |  0.2497  |  0.2722  |  0.2943  |  0.3158  |  0.3368  |  0.3570  
----------------------------------------------------------------------
 2.4  |  0.0088  |  0.0164  |  0.0267  |  0.0397  |  0.0553  |  0.0731  |  0.0928  |  0.1141  |  0.1366  |  0.1600  |  0.1839  |  0.2080  |  0.2321  |  0.2559  |  0.2794  |  0.3024  |  0.3246  |  0.3462  |  0.3670  |  0.3870  
----------------------------------------------------------------------
 2.5  |  0.0120  |  0.0217  |  0.0346  |  0.0505  |  0.0691  |  0.0898  |  0.1123  |  0.1362  |  0.1609  |  0.1861  |  0.2116  |  0.2369  |  0.2619  |  0.2864  |  0.3103  |  0.3334  |  0.3558  |  0.3772  |  0.3977  |  0.4174  
----------------------------------------------------------------------

======================================================================

