===Response time
     0.5     0.8     1.1     1.4     1.7     2.0
0.5	|0.3501	|0.6406	|0.7596	|0.3899	|0.1005	|0.4895	
---------------------------------------------------
0.8	|0.6049	|0.8859	|0.367	|0.6248	|0.0495	|0.2557	
---------------------------------------------------
1.1	|0.745	|0.8122	|0.6796	|0.0828	|0.4818	|0.0872	
---------------------------------------------------
1.4	|0.6652	|0.5466	|0.6206	|0.4999	|0.3407	|0.6175	
---------------------------------------------------
1.7	|0.9769	|0.1654	|0.095	|0.2603	|0.0797	|0.9825	
---------------------------------------------------
2.0	|0.9146	|0.3158	|0.2543	|0.195	|0.6925	|0.9753	
---------------------------------------------------
===================================================

===Response time 1
     0.5     0.8     1.1     1.4     1.7     2.0
0.5	|0.0	|0.0	|0.0	|0.0	|0.0	|0.0	
---------------------------------------------------
0.8	|0.0	|0.0	|0.0	|0.0	|0.0	|0.0	
---------------------------------------------------
1.1	|0.0	|0.0	|0.0	|0.0	|0.0	|0.0	
---------------------------------------------------
1.4	|0.0	|0.0	|0.0	|0.0	|0.0	|0.0	
---------------------------------------------------
1.7	|0.0	|0.0	|0.0	|0.0	|0.0	|0.0	
---------------------------------------------------
2.0	|0.0	|0.0	|0.0	|0.0	|0.0	|0.0	
---------------------------------------------------
===================================================

===Response time 2
     0.5     0.8     1.1     1.4     1.7     2.0
0.5	|0.0	|0.0	|0.0	|0.0	|0.0	|0.0	
---------------------------------------------------
0.8	|0.0	|0.0	|0.0	|0.0	|0.0	|0.0	
---------------------------------------------------
1.1	|0.0	|0.0	|0.0	|0.0	|0.0	|0.0	
---------------------------------------------------
1.4	|0.0	|0.0	|0.0	|0.0	|0.0	|0.0	
---------------------------------------------------
1.7	|0.0	|0.0	|0.0	|0.0	|0.0	|0.0	
---------------------------------------------------
2.0	|0.0	|0.0	|0.0	|0.0	|0.0	|0.0	
---------------------------------------------------
===================================================

