===Average queue size 1
     5.0     8.0    11.0    14.0    17.0    20.0
5	|0.7707	|0.7712	|0.7713	|0.7712	|0.7713	|0.7712	
---------------------------------------------------
8	|0.8297	|0.8302	|0.8303	|0.8302	|0.8303	|0.8303	
---------------------------------------------------
11	|0.838	|0.8386	|0.8387	|0.8386	|0.8386	|0.8387	
---------------------------------------------------
14	|0.839	|0.8396	|0.8397	|0.8396	|0.8397	|0.8397	
---------------------------------------------------
17	|0.8391	|0.8397	|0.8397	|0.8397	|0.8397	|0.8398	
---------------------------------------------------
20	|0.8391	|0.8397	|0.8398	|0.8397	|0.8397	|0.8397	
---------------------------------------------------
===================================================

===Average queue size 2
     5.0     8.0    11.0    14.0    17.0    20.0
5	|4.5188	|7.5144	|10.5149	|13.5142	|16.5154	|19.5142	
---------------------------------------------------
8	|4.5242	|7.5201	|10.5205	|13.5192	|16.5197	|19.5199	
---------------------------------------------------
11	|4.5245	|7.5208	|10.5215	|13.5205	|16.5202	|19.5211	
---------------------------------------------------
14	|4.5248	|7.5207	|10.5214	|13.521	|16.5214	|19.5214	
---------------------------------------------------
17	|4.5246	|7.5208	|10.5204	|13.5205	|16.5203	|19.521	
---------------------------------------------------
20	|4.5249	|7.5206	|10.5209	|13.5201	|16.5205	|19.5206	
---------------------------------------------------
===================================================

