===Failure probability
     5.0     8.0    11.0    14.0    17.0    20.0
5	|0.6681	|0.6678	|0.6678	|0.6678	|0.6679	|0.6678	
---------------------------------------------------
8	|0.6704	|0.67	|0.6701	|0.67	|0.67	|0.67	
---------------------------------------------------
11	|0.6706	|0.6703	|0.6704	|0.6703	|0.6703	|0.6703	
---------------------------------------------------
14	|0.6707	|0.6703	|0.6704	|0.6704	|0.6704	|0.6704	
---------------------------------------------------
17	|0.6707	|0.6703	|0.6703	|0.6703	|0.6703	|0.6704	
---------------------------------------------------
20	|0.6707	|0.6703	|0.6704	|0.6703	|0.6703	|0.6704	
---------------------------------------------------
===================================================

===Failure probability 1
     5.0     8.0    11.0    14.0    17.0    20.0
5	|0.0123	|0.0123	|0.0123	|0.0123	|0.0123	|0.0123	
---------------------------------------------------
8	|0.0011	|0.0011	|0.0011	|0.0011	|0.0011	|0.0011	
---------------------------------------------------
11	|0.0001	|0.0001	|0.0001	|0.0001	|0.0001	|0.0001	
---------------------------------------------------
14	|0.0	|0.0	|0.0	|0.0	|0.0	|0.0	
---------------------------------------------------
17	|0.0	|0.0	|0.0	|0.0	|0.0	|0.0	
---------------------------------------------------
20	|0.0	|0.0	|0.0	|0.0	|0.0	|0.0	
---------------------------------------------------
===================================================

===Failure probability 2
     5.0     8.0    11.0    14.0    17.0    20.0
5	|0.6666	|0.6662	|0.6663	|0.6663	|0.6663	|0.6663	
---------------------------------------------------
8	|0.6703	|0.67	|0.67	|0.6699	|0.67	|0.67	
---------------------------------------------------
11	|0.6706	|0.6703	|0.6704	|0.6703	|0.6703	|0.6703	
---------------------------------------------------
14	|0.6707	|0.6703	|0.6704	|0.6704	|0.6704	|0.6704	
---------------------------------------------------
17	|0.6707	|0.6703	|0.6703	|0.6703	|0.6703	|0.6704	
---------------------------------------------------
20	|0.6707	|0.6703	|0.6704	|0.6703	|0.6703	|0.6704	
---------------------------------------------------
===================================================

