=== Response time ===
        5.0        8.0       11.0       14.0       17.0       20.0
 5.0  |  2.0000  |  3.0000  |  4.0000  |  5.0000  |  7.0000  |  8.0000  
----------------------------------------------------------------------
 8.0  |  2.0000  |  3.0000  |  4.0000  |  5.0000  |  7.0000  |  8.0000  
----------------------------------------------------------------------
11.0  |  2.0000  |  3.0000  |  4.0000  |  5.0000  |  7.0000  |  8.0000  
----------------------------------------------------------------------
14.0  |  2.0000  |  3.0000  |  4.0000  |  5.0000  |  7.0000  |  8.0000  
----------------------------------------------------------------------
17.0  |  2.0000  |  3.0000  |  4.0000  |  5.0000  |  7.0000  |  8.0000  
----------------------------------------------------------------------
20.0  |  2.0000  |  3.0000  |  4.0000  |  5.0000  |  7.0000  |  8.0000  
----------------------------------------------------------------------

======================================================================

=== Response time 1 ===
        5.0        8.0       11.0       14.0       17.0       20.0
 5.0  |  0.0000  |  0.0000  |  0.0000  |  0.0000  |  0.0000  |  0.0000  
----------------------------------------------------------------------
 8.0  |  0.0000  |  0.0000  |  0.0000  |  0.0000  |  0.0000  |  0.0000  
----------------------------------------------------------------------
11.0  |  0.0000  |  0.0000  |  0.0000  |  0.0000  |  0.0000  |  0.0000  
----------------------------------------------------------------------
14.0  |  0.0000  |  0.0000  |  0.0000  |  0.0000  |  0.0000  |  0.0000  
----------------------------------------------------------------------
17.0  |  0.0000  |  0.0000  |  0.0000  |  0.0000  |  0.0000  |  0.0000  
----------------------------------------------------------------------
20.0  |  0.0000  |  0.0000  |  0.0000  |  0.0000  |  0.0000  |  0.0000  
----------------------------------------------------------------------

======================================================================

=== Response time 2 ===
        5.0        8.0       11.0       14.0       17.0       20.0
 5.0  |  7.0000  | 11.0000  | 16.0000  | 20.0000  | 25.0000  | 29.0000  
----------------------------------------------------------------------
 8.0  |  7.0000  | 12.0000  | 16.0000  | 21.0000  | 25.0000  | 30.0000  
----------------------------------------------------------------------
11.0  |  7.0000  | 12.0000  | 16.0000  | 21.0000  | 25.0000  | 30.0000  
----------------------------------------------------------------------
14.0  |  7.0000  | 12.0000  | 16.0000  | 21.0000  | 25.0000  | 30.0000  
----------------------------------------------------------------------
17.0  |  7.0000  | 12.0000  | 16.0000  | 21.0000  | 25.0000  | 30.0000  
----------------------------------------------------------------------
20.0  |  7.0000  | 12.0000  | 16.0000  | 21.0000  | 25.0000  | 30.0000  
----------------------------------------------------------------------

======================================================================

